x_eje_btp = [100 200 300 400 500 600 700 800 900 1000 1100 1200 1300 1400 1500 1600 1700 1800 1900 2000];
x_eje_ppl = [0.1 0.2 0.3 0.4 0.5 0.6 0.7 0.8 0.9 1];

range_0 = 0;
range_100 = 100;
range_200 = 200;
range_300 = 300;
range_400 = 400;
range_500 = 500;
range_600 = 600;
range_700 = 700;
range_800 = 800;
range_900 = 900;
range_1000 = 1000;
range_1100 = 1100;
range_1200 = 1200;
range_1300 = 1300;
range_1400 = 1400;
range_1500 = 1500;
range_1600 = 1600;
range_1700 = 1700;
range_1800 = 1800;
range_1900 = 1900;
range_2000 = 2000;

range_00 = 0;
range_01 = 0.1;
range_02 = 0.2;
range_03 = 0.3;
range_04 = 0.4;
range_05 = 0.5;
range_06 = 0.6;
range_07 = 0.7;
range_08 = 0.8;
range_09 = 0.9;
range_10 = 1.0;

