"id","clock_time","linkaddr_node_addr","seqno","all_cpu","all_lpm","all_transmit","all_listen","all_idle_transmit","all_idle_listen","cpu","lpm","transmit","listen","idle_transmit","idle_listen","date"
"1","2635","2.00","1","88740","566505","42108","15892","0","0","25740","301940","16066","6547","0","0","2018-08-15 11:48:36"
"2","3915","2.00","2","137880","845045","64901","24329","0","0","49140","278540","22793","8437","0","0","2018-08-15 11:48:46"
"3","5195","2.00","3","184504","1126101","85491","32497","0","0","46624","281056","20590","8168","0","0","2018-08-15 11:48:56"
"4","6475","2.00","4","254055","1384230","113099","41997","0","0","69551","258129","27608","9500","0","0","2018-08-15 11:49:06"
"5","7755","2.00","5","295906","1670060","130672","48849","0","0","41851","285830","17573","6852","0","0","2018-08-15 11:49:16"
"6","9035","2.00","6","349147","1944498","156192","58097","0","0","53241","274438","25520","9248","0","0","2018-08-15 11:49:26"
"7","10315","2.00","7","393894","2227431","175565","65679","0","0","44747","282933","19373","7582","0","0","2018-08-15 11:49:36"
"8","11595","2.00","8","419357","2529648","191282","72138","0","0","25463","302217","15717","6459","0","0","2018-08-15 11:49:46"
"9","12883","2.00","9","461335","2817609","208913","79166","0","0","41978","287961","17631","7028","0","0","2018-08-15 11:49:56"
"10","14163","2.00","10","494148","3112476","219816","84625","0","0","32813","294867","10903","5459","0","0","2018-08-15 11:50:06"
"11","15435","2.00","11","531797","3400249","234142","90836","0","0","37649","287773","14326","6211","0","0","2018-08-15 11:50:16"
"12","16715","2.00","12","580920","3678805","257110","99181","0","0","49123","278556","22968","8345","0","0","2018-08-15 11:50:26"
"13","18003","2.00","13","640661","3948982","288721","109567","0","0","59741","270177","31611","10386","0","0","2018-08-15 11:50:36"
"14","19275","2.00","14","693189","4221896","313893","118572","0","0","52528","272914","25172","9005","0","0","2018-08-15 11:50:46"
"15","20555","2.00","15","720793","4521972","331119","125671","0","0","27604","300076","17226","7099","0","0","2018-08-15 11:50:56"
"16","21835","2.00","16","766829","4803616","351245","133575","0","0","46035","281644","20126","7904","0","0","2018-08-15 11:51:06"
"17","23115","2.00","17","822081","5076044","367602","140746","0","0","55252","272428","16357","7171","0","0","2018-08-15 11:51:16"
"18","24395","2.00","18","873098","5352707","391731","149381","0","0","51016","276663","24129","8635","0","0","2018-08-15 11:51:26"
"19","25675","2.00","19","913647","5639838","407970","156589","0","0","40549","287131","16239","7208","0","0","2018-08-15 11:51:36"
"20","26963","2.00","20","952459","5930994","433722","165801","0","0","38811","291156","25752","9212","0","0","2018-08-15 11:51:46"
"21","28235","2.00","21","995315","6213530","451818","172879","0","0","42855","282536","18096","7078","0","0","2018-08-15 11:51:56"
"22","29515","2.00","22","1032452","6504147","465622","178966","0","0","37137","290617","13804","6087","0","0","2018-08-15 11:52:06"
"23","30795","2.00","23","1073811","6790394","482673","185824","0","0","41359","286247","17051","6858","0","0","2018-08-15 11:52:16"
"24","32083","2.00","24","1121456","7072688","503785","193863","0","0","47645","282294","21112","8039","0","0","2018-08-15 11:52:26"
"25","33355","2.00","25","1160037","7359528","518575","200619","0","0","38581","286840","14790","6756","0","0","2018-08-15 11:52:36"
"26","34635","2.00","26","1198827","7648418","533655","206994","0","0","38790","288890","15080","6375","0","0","2018-08-15 11:52:46"
"27","35923","2.00","27","1230301","7946844","553607","215062","0","0","31474","298426","19952","8068","0","0","2018-08-15 11:52:56"
"28","37195","2.00","28","1270781","8231824","570310","221644","0","0","40479","284980","16703","6582","0","0","2018-08-15 11:53:06"
"29","38475","2.00","29","1322950","8507335","595366","230687","0","0","52169","275511","25056","9043","0","0","2018-08-15 11:53:16"
"30","39763","2.00","30","1367601","8792650","614274","238458","0","0","44651","285315","18908","7771","0","0","2018-08-15 11:53:26"
"31","41035","2.00","31","1415341","9070304","636082","246360","0","0","47739","277654","21808","7902","0","0","2018-08-15 11:53:36"
"32","42315","2.00","32","1453820","9359505","651220","252585","0","0","38479","289201","15138","6225","0","0","2018-08-15 11:53:46"
"33","43603","2.00","33","1494678","9648613","667808","259412","0","0","40858","289108","16588","6827","0","0","2018-08-15 11:53:56"
"34","44875","2.00","34","1542269","9926416","688978","267966","0","0","47590","277803","21170","8554","0","0","2018-08-15 11:54:06"
"35","46163","2.00","35","1589424","10209216","709857","276241","0","0","47154","282800","20879","8275","0","0","2018-08-15 11:54:16"
"36","47435","2.00","36","1635605","10488441","730217","283971","0","0","46181","279225","20360","7730","0","0","2018-08-15 11:54:26"
"37","48715","2.00","37","1671179","10780546","743325","289845","0","0","35574","292105","13108","5874","0","0","2018-08-15 11:54:36"
"38","49995","2.00","38","1721612","11057793","767105","298497","0","0","50433","277247","23780","8652","0","0","2018-08-15 11:54:46"
"39","51290","2.00","39","1765822","11345306","786245","306287","0","0","44210","287513","19140","7790","0","0","2018-08-15 11:54:57"
"40","52555","2.00","40","1803327","11631439","800627","312153","0","0","37505","286133","14382","5866","0","0","2018-08-15 11:55:06"
"41","53835","2.00","41","1832686","11929759","819245","319384","0","0","29359","298320","18618","7231","0","0","2018-08-15 11:55:16"
"42","55115","2.00","42","1872018","12218108","834964","325836","0","0","39332","288349","15719","6452","0","0","2018-08-15 11:55:26"
"43","56395","2.00","43","1907285","12510520","847841","331375","0","0","35267","292412","12877","5539","0","0","2018-08-15 11:55:36"
"44","57675","2.00","44","1944369","12801116","861704","337355","0","0","37084","290596","13863","5980","0","0","2018-08-15 11:55:46"
"45","58955","2.00","45","1995106","13078059","885425","346114","0","0","50737","276943","23721","8759","0","0","2018-08-15 11:55:56"
"46","60235","2.00","46","2030431","13370414","908509","354545","0","0","35324","292355","23084","8431","0","0","2018-08-15 11:56:06"
"47","61515","2.00","47","2106016","13622509","940469","365453","0","0","75585","252095","31960","10908","0","0","2018-08-15 11:56:16"
"48","62795","2.00","48","2166750","13889455","971673","376421","0","0","60733","266946","31204","10968","0","0","2018-08-15 11:56:26"
"49","64075","2.00","49","2220002","14163883","997076","385815","0","0","53252","274428","25403","9394","0","0","2018-08-15 11:56:36"
"50","65355","2.00","50","2261295","14450270","1014360","392848","0","0","41292","286387","17284","7033","0","0","2018-08-15 11:56:46"
"51","66637","2.00","51","2320150","14719696","1043766","403541","0","0","58855","269426","29406","10693","0","0","2018-08-15 11:56:56"
"52","67915","2.00","52","2367791","14999134","1065689","411487","0","0","47641","279438","21923","7946","0","0","2018-08-15 11:57:06"
"53","69203","2.00","53","2409418","15287446","1082685","418509","0","0","41627","288312","16996","7022","0","0","2018-08-15 11:57:16"
"54","70475","2.00","54","2444405","15577880","1095155","424241","0","0","34987","290434","12470","5732","0","0","2018-08-15 11:57:26"
"55","71755","2.00","55","2471632","15878334","1112497","431002","0","0","27227","300454","17342","6761","0","0","2018-08-15 11:57:36"
"56","73035","2.00","56","2508567","16169078","1126475","436679","0","0","36935","290744","13978","5677","0","0","2018-08-15 11:57:46"
"57","74315","2.00","57","2557242","16448083","1149037","444955","0","0","48675","279005","22562","8276","0","0","2018-08-15 11:57:56"
"58","75595","2.00","58","2599028","16733978","1166031","451757","0","0","41786","285895","16994","6802","0","0","2018-08-15 11:58:06"
"59","76875","2.00","59","2651968","17008718","1191381","460884","0","0","52940","274740","25350","9127","0","0","2018-08-15 11:58:16"
"60","78155","2.00","60","2724767","17263598","1220845","471213","0","0","72799","254880","29464","10329","0","0","2018-08-15 11:58:26"
"61","79435","2.00","61","2749804","17566242","1236215","477629","0","0","25037","302644","15370","6416","0","0","2018-08-15 11:58:36"
"62","80715","2.00","62","2793064","17850661","1254543","484891","0","0","43259","284419","18328","7262","0","0","2018-08-15 11:58:46"
"63","81995","2.00","63","2838995","18132410","1275075","492713","0","0","45931","281749","20532","7822","0","0","2018-08-15 11:58:56"
"64","83275","2.00","64","2883207","18415878","1294215","499880","0","0","44212","283468","19140","7167","0","0","2018-08-15 11:59:06"
"65","84555","2.00","65","2928522","18698243","1314455","507609","0","0","45315","282365","20240","7729","0","0","2018-08-15 11:59:16"
"66","85843","2.00","66","2976314","18980443","1336437","515797","0","0","47792","282200","21982","8188","0","0","2018-08-15 11:59:26"
"67","87115","2.00","67","3023126","19258999","1357664","523593","0","0","46811","278556","21227","7796","0","0","2018-08-15 11:59:36"
"68","88395","2.00","68","3088036","19521769","1392989","535003","0","0","64910","262770","35325","11410","0","0","2018-08-15 11:59:46"
