"id","clock_time","linkaddr_node_addr","seqno","all_cpu","all_lpm","all_transmit","all_listen","all_idle_transmit","all_idle_listen","cpu","lpm","transmit","listen","idle_transmit","idle_listen","date"
"63","7755","2.00","5","320043","1645922","199522","62660","0","0","62298","265381","34337","10769","0","0","2018-08-16 10:26:45"
"64","9035","2.00","6","374713","1918932","238267","74590","0","0","54670","273010","38745","11930","0","0","2018-08-16 10:26:55"
"65","10346","2.00","7","442081","2187452","275676","86566","0","0","67368","268520","37409","11976","0","0","2018-08-16 10:27:06"
"66","11595","2.00","8","497395","2451610","314825","98594","0","0","55314","264158","39149","12028","0","0","2018-08-16 10:27:15"
"67","12875","2.00","9","540880","2735805","345216","108285","0","0","43485","284195","30391","9691","0","0","2018-08-16 10:27:25"
"68","14155","2.00","10","601301","3003064","377987","118757","0","0","60421","267259","32771","10472","0","0","2018-08-16 10:27:35"
"69","15435","2.00","11","644242","3287803","407973","128194","0","0","42941","284739","29986","9437","0","0","2018-08-16 10:27:45"
"70","16739","2.00","12","724165","3542067","455538","142469","0","0","79923","254264","47565","14275","0","0","2018-08-16 10:27:56"
"71","17995","2.00","13","807253","3780152","516092","159893","0","0","83087","238085","60554","17424","0","0","2018-08-16 10:28:05"
"72","19289","2.00","14","869336","4049667","560346","173297","0","0","62082","269515","44254","13404","0","0","2018-08-16 10:28:15"
"73","20570","2.00","15","929516","4317292","593116","183581","0","0","60179","267625","32770","10284","0","0","2018-08-16 10:28:25"
"74","21850","2.00","16","982976","4591388","630990","195556","0","0","53460","274096","37874","11975","0","0","2018-08-16 10:28:35"
"75","23130","2.00","17","1059569","4842599","676229","209195","0","0","76592","251211","45239","13639","0","0","2018-08-16 10:28:45"
"76","24410","2.00","18","1106637","5123210","709521","219572","0","0","47068","280611","33292","10377","0","0","2018-08-16 10:28:55"
"77","25675","2.00","19","1155537","5397948","743915","230376","0","0","48900","274738","34394","10804","0","0","2018-08-16 10:29:05"
"78","26955","2.00","20","1221939","5659226","781034","242064","0","0","66401","261278","37119","11688","0","0","2018-08-16 10:29:15"
"79","28235","2.00","21","1282924","5925921","824939","255401","0","0","60985","266695","43905","13337","0","0","2018-08-16 10:29:25"
"80","29515","2.00","22","1359057","6177469","869715","268944","0","0","76133","251548","44776","13543","0","0","2018-08-16 10:29:35"
"81","30795","2.00","23","1418949","6445256","912289","282068","0","0","59892","267787","42574","13124","0","0","2018-08-16 10:29:45"
"82","32075","2.00","24","1479475","6712410","955615","295256","0","0","60526","267154","43326","13188","0","0","2018-08-16 10:29:55"
"83","33355","2.00","25","1544461","6975104","991808","306576","0","0","64986","262694","36193","11320","0","0","2018-08-16 10:30:05"
"84","34635","2.00","26","1604715","7242530","1034845","319840","0","0","60254","267426","43037","13264","0","0","2018-08-16 10:30:15"
"85","35915","2.00","27","1669524","7505401","1070690","331105","0","0","64808","262871","35845","11265","0","0","2018-08-16 10:30:25"
"86","37210","2.00","28","1721341","7785314","1107057","342548","0","0","51817","279913","36367","11443","0","0","2018-08-16 10:30:35"
"87","38475","2.00","29","1768689","8061596","1140117","353252","0","0","47348","276282","33060","10704","0","0","2018-08-16 10:30:45"
"88","39755","2.00","30","1832245","8325720","1175322","364473","0","0","63556","264124","35205","11221","0","0","2018-08-16 10:30:55"
"89","41035","2.00","31","1886910","8598735","1214182","376463","0","0","54665","273015","38860","11990","0","0","2018-08-16 10:31:05"
"90","42327","2.00","32","1962510","8854300","1258900","389752","0","0","75600","255565","44718","13289","0","0","2018-08-16 10:31:15"
"91","43595","2.00","33","2030040","9110965","1306867","404441","0","0","67529","256665","47967","14689","0","0","2018-08-16 10:31:25"
"92","44875","2.00","34","2080040","9388645","1342247","415480","0","0","50000","277680","35380","11039","0","0","2018-08-16 10:31:35"
"93","46155","2.00","35","2149220","9647145","1381513","427778","0","0","69180","258500","39266","12298","0","0","2018-08-16 10:31:45"
"94","47435","2.00","36","2202928","9921117","1419619","439505","0","0","53708","273972","38106","11727","0","0","2018-08-16 10:31:55"
"95","48715","2.00","37","2269736","10181989","1456853","451252","0","0","66808","260872","37234","11747","0","0","2018-08-16 10:32:05"
"96","49995","2.00","38","2332336","10447069","1501748","464882","0","0","62599","265080","44895","13630","0","0","2018-08-16 10:32:15"
"97","51275","2.00","39","2379496","10727589","1535098","475388","0","0","47160","280520","33350","10506","0","0","2018-08-16 10:32:25"
"98","52555","2.00","40","2452667","10982098","1577264","488388","0","0","73170","254509","42166","13000","0","0","2018-08-16 10:32:35"
"99","53835","2.00","41","2497505","11264940","1608758","498447","0","0","44838","282842","31494","10059","0","0","2018-08-16 10:32:45"
"100","55115","2.00","42","2557876","11532250","1641354","509175","0","0","60371","267310","32596","10728","0","0","2018-08-16 10:32:55"
"101","56395","2.00","43","2625874","11791931","1690076","523786","0","0","67997","259681","48722","14611","0","0","2018-08-16 10:33:05"
"102","57690","2.00","44","2692454","12057073","1737520","538412","0","0","66580","265142","47444","14626","0","0","2018-08-16 10:33:15"
"103","58969","2.00","45","2766412","12310692","1780208","551949","0","0","73958","253619","42688","13537","0","0","2018-08-16 10:33:25"
"104","60235","2.00","46","2817328","12583517","1816226","563326","0","0","50916","272825","36018","11377","0","0","2018-08-16 10:33:35"
"105","61530","2.00","47","2893877","12838691","1861177","577096","0","0","76548","255174","44951","13770","0","0","2018-08-16 10:33:45"
"106","62810","2.00","48","2943256","13116992","1895629","588024","0","0","49379","278301","34452","10928","0","0","2018-08-16 10:33:55"
"107","64089","2.00","49","2997345","13390550","1934373","599798","0","0","54089","273558","38744","11774","0","0","2018-08-16 10:34:05"
"108","65355","2.00","50","3083109","13628456","1986806","615154","0","0","85764","237906","52433","15356","0","0","2018-08-16 10:34:15"
"109","66650","2.00","51","3139762","13903519","2026943","627465","0","0","56652","275063","40137","12311","0","0","2018-08-16 10:34:25"
"110","67930","2.00","52","3197881","14173083","2058205","637343","0","0","58119","269564","31262","9878","0","0","2018-08-16 10:34:35"
"111","69210","2.00","53","3242114","14456525","2089409","647081","0","0","44233","283442","31204","9738","0","0","2018-08-16 10:34:45"
"112","70490","2.00","54","3292303","14734024","2124848","658179","0","0","50189","277499","35439","11098","0","0","2018-08-16 10:34:55"
"113","71755","2.00","55","3352080","14997885","2156863","668519","0","0","59776","263861","32015","10340","0","0","2018-08-16 10:35:05"
"114","73035","2.00","56","3396340","15281305","2187894","678396","0","0","44260","283420","31031","9877","0","0","2018-08-16 10:35:15"
"115","74315","2.00","57","3452817","15552509","2218055","687992","0","0","56477","271204","30161","9596","0","0","2018-08-16 10:35:25"
"116","75595","2.00","58","3505034","15827971","2255524","699436","0","0","52217","275462","37469","11444","0","0","2018-08-16 10:35:35"
"117","76875","2.00","59","3548461","16112224","2286263","709180","0","0","43427","284253","30739","9744","0","0","2018-08-16 10:35:45"
"118","78155","2.00","60","3614276","16374089","2323325","720604","0","0","65815","261865","37062","11424","0","0","2018-08-16 10:35:55"
"119","79435","2.00","61","3675375","16640671","2367057","733998","0","0","61098","266582","43732","13394","0","0","2018-08-16 10:36:05"
"120","80715","2.00","62","3736683","16907042","2400581","744447","0","0","61308","266371","33524","10449","0","0","2018-08-16 10:36:15"
"121","81995","2.00","63","3779727","17191679","2430857","753880","0","0","43044","284637","30276","9433","0","0","2018-08-16 10:36:25"
"122","83275","2.00","64","3822665","17476420","2461017","763294","0","0","42938","284741","30160","9414","0","0","2018-08-16 10:36:35"
